[ 0.03807591  0.05068012  0.06169621  0.02187235 -0.0442235  -0.03482076
 -0.04340085 -0.00259226  0.01990842 -0.01764613]
[-0.00188202 -0.04464164 -0.05147406 -0.02632783 -0.00844872 -0.01916334
  0.07441156 -0.03949338 -0.06832974 -0.09220405]
[ 0.08529891  0.05068012  0.04445121 -0.00567061 -0.04559945 -0.03419447
 -0.03235593 -0.00259226  0.00286377 -0.02593034]
[-0.08906294 -0.04464164 -0.01159501 -0.03665645  0.01219057  0.02499059
 -0.03603757  0.03430886  0.02269202 -0.00936191]
[ 0.00538306 -0.04464164 -0.03638469  0.02187235  0.00393485  0.01559614
  0.00814208 -0.00259226 -0.03199144 -0.04664087]
[-0.09269548 -0.04464164 -0.04069594 -0.01944209 -0.06899065 -0.07928784
  0.04127682 -0.0763945  -0.04118039 -0.09634616]
[-0.04547248  0.05068012 -0.04716281 -0.01599922 -0.04009564 -0.02480001
  0.00077881 -0.03949338 -0.06291295 -0.03835666]
[ 0.06350368  0.05068012 -0.00189471  0.06662967  0.09061988  0.10891438
  0.02286863  0.01770335 -0.03581673  0.00306441]
[ 0.04170844  0.05068012  0.06169621 -0.04009932 -0.01395254  0.00620169
 -0.02867429 -0.00259226 -0.01495648  0.01134862]
[-0.07090025 -0.04464164  0.03906215 -0.03321358 -0.01257658 -0.03450761
 -0.02499266 -0.00259226  0.06773633 -0.01350402]
[-0.09632802 -0.04464164 -0.08380842  0.00810087 -0.10338947 -0.09056119
 -0.01394774 -0.0763945  -0.06291295 -0.03421455]
[ 0.02717829  0.05068012  0.01750591 -0.03321358 -0.00707277  0.04597154
 -0.06549067  0.07120998 -0.09643322 -0.05906719]
[ 0.01628068 -0.04464164 -0.02884001 -0.00911348 -0.00432087 -0.00976889
  0.04495846 -0.03949338 -0.03075121 -0.04249877]
[ 0.00538306  0.05068012 -0.00189471  0.00810087 -0.00432087 -0.01571871
 -0.00290283 -0.00259226  0.03839325 -0.01350402]
[  4.53409833e-02  -4.46416365e-02  -2.56065715e-02  -1.25563519e-02
   1.76943802e-02  -6.12835791e-05   8.17748397e-02  -3.94933829e-02
  -3.19914449e-02  -7.56356220e-02]
[-0.05273755  0.05068012 -0.01806189  0.08040116  0.08924393  0.10766179
 -0.03971921  0.1081111   0.03605579 -0.04249877]
[-0.00551455 -0.04464164  0.04229559  0.04941532  0.02457414 -0.02386057
  0.07441156 -0.03949338  0.05228     0.02791705]
[ 0.07076875  0.05068012  0.01211685  0.05630106  0.03420581  0.04941617
 -0.03971921  0.03430886  0.02736771 -0.0010777 ]
[-0.0382074  -0.04464164 -0.0105172  -0.03665645 -0.03734373 -0.01947649
 -0.02867429 -0.00259226 -0.01811827 -0.01764613]
[-0.02730979 -0.04464164 -0.01806189 -0.04009932 -0.00294491 -0.01133463
  0.03759519 -0.03949338 -0.00894402 -0.05492509]
[-0.04910502 -0.04464164 -0.05686312 -0.04354219 -0.04559945 -0.04327577
  0.00077881 -0.03949338 -0.01190068  0.01549073]
[-0.0854304   0.05068012 -0.02237314  0.00121513 -0.03734373 -0.02636575
  0.01550536 -0.03949338 -0.07212845 -0.01764613]
[-0.0854304  -0.04464164 -0.00405033 -0.00911348 -0.00294491  0.00776743
  0.02286863 -0.03949338 -0.0611766  -0.01350402]
[ 0.04534098  0.05068012  0.06061839  0.03105334  0.028702   -0.0473467
 -0.05444576  0.07120998  0.13359898  0.13561183]
[-0.06363517 -0.04464164  0.03582872 -0.02288496 -0.03046397 -0.01885019
 -0.00658447 -0.00259226 -0.02595242 -0.05492509]
[-0.06726771  0.05068012 -0.01267283 -0.04009932 -0.01532849  0.00463594
 -0.0581274   0.03430886  0.01919903 -0.03421455]
[-0.10722563 -0.04464164 -0.07734155 -0.02632783 -0.08962994 -0.09619786
  0.02655027 -0.0763945  -0.0425721  -0.0052198 ]
[-0.02367725 -0.04464164  0.05954058 -0.04009932 -0.04284755 -0.04358892
  0.01182372 -0.03949338 -0.01599827  0.04034337]
[ 0.05260606 -0.04464164 -0.02129532 -0.07452802 -0.04009564 -0.0376391
 -0.00658447 -0.03949338 -0.00060925 -0.05492509]
[ 0.06713621  0.05068012 -0.00620595  0.0631868  -0.04284755 -0.09588471
  0.05232174 -0.0763945   0.0594238   0.05276969]
[-0.06000263 -0.04464164  0.04445121 -0.01944209 -0.00982468 -0.00757685
  0.02286863 -0.03949338 -0.02712865 -0.00936191]
[-0.02367725 -0.04464164 -0.06548562 -0.08141377 -0.03871969 -0.05360967
  0.05968501 -0.0763945  -0.03712835 -0.04249877]
[ 0.03444337  0.05068012  0.12528712  0.0287581  -0.05385517 -0.01290037
 -0.10230705  0.1081111   0.00027149  0.02791705]
[ 0.03081083 -0.04464164 -0.05039625 -0.00222774 -0.0442235  -0.08993489
  0.11859122 -0.0763945  -0.01811827  0.00306441]
[ 0.01628068 -0.04464164 -0.06332999 -0.05731367 -0.05798303 -0.04891244
  0.00814208 -0.03949338 -0.0594727  -0.06735141]
[ 0.04897352  0.05068012 -0.03099563 -0.04928031  0.0493413  -0.00413221
  0.13331777 -0.05351581  0.02131085  0.01963284]
[ 0.01264814 -0.04464164  0.02289497  0.05285819  0.00806271 -0.02855779
  0.03759519 -0.03949338  0.054724   -0.02593034]
[-0.00914709 -0.04464164  0.01103904 -0.05731367 -0.02496016 -0.04296262
  0.03023191 -0.03949338  0.01703713 -0.0052198 ]
[-0.00188202  0.05068012  0.07139652  0.09761551  0.08786798  0.0754075
 -0.02131102  0.07120998  0.07142403  0.02377494]
[-0.00188202  0.05068012  0.01427248 -0.07452802  0.0025589   0.00620169
 -0.01394774 -0.00259226  0.01919903  0.00306441]
[ 0.00538306  0.05068012 -0.00836158  0.02187235  0.05484511  0.07321546
 -0.02499266  0.03430886  0.01255315  0.09419076]
[-0.09996055 -0.04464164 -0.06764124 -0.10895673 -0.07449446 -0.07271173
  0.01550536 -0.03949338 -0.04986847 -0.00936191]
[-0.06000263  0.05068012 -0.0105172  -0.0148516  -0.04972731 -0.02354742
 -0.0581274   0.0158583  -0.00991896 -0.03421455]
[ 0.01991321 -0.04464164 -0.02345095 -0.07108515  0.02044629 -0.01008203
  0.11859122 -0.0763945  -0.0425721   0.07348023]
[ 0.04534098  0.05068012  0.06816308  0.00810087 -0.01670444  0.00463594
 -0.07653559  0.07120998  0.03243323 -0.01764613]
[ 0.02717829  0.05068012 -0.03530688  0.03220097 -0.01120063  0.00150446
 -0.01026611 -0.00259226 -0.01495648 -0.05078298]
[-0.05637009 -0.04464164 -0.01159501 -0.03321358 -0.0469754  -0.04765985
  0.00446045 -0.03949338 -0.0079794  -0.08806194]
[-0.07816532 -0.04464164 -0.0730303  -0.05731367 -0.08412613 -0.07427747
 -0.02499266 -0.03949338 -0.01811827 -0.08391984]
[ 0.06713621  0.05068012 -0.04177375  0.01154374  0.0025589   0.00588854
  0.04127682 -0.03949338 -0.0594727  -0.02178823]
[-0.04183994  0.05068012  0.01427248 -0.00567061 -0.01257658  0.00620169
 -0.07285395  0.07120998  0.03546194 -0.01350402]
[ 0.03444337 -0.04464164 -0.00728377  0.01498661 -0.0442235  -0.03732595
 -0.00290283 -0.03949338 -0.02139368  0.00720652]
[ 0.05987114  0.05068012  0.0164281   0.0287581  -0.04147159 -0.02918409
 -0.02867429 -0.00259226 -0.00239668 -0.02178823]
[-0.05273755 -0.04464164 -0.00943939 -0.00567061  0.03970963  0.04471895
  0.02655027 -0.00259226 -0.01811827 -0.01350402]
[-0.00914709 -0.04464164 -0.01590626  0.07007254  0.01219057  0.02217226
  0.01550536 -0.00259226 -0.03324879  0.04862759]
[-0.04910502 -0.04464164  0.0250506   0.00810087  0.02044629  0.01778818
  0.05232174 -0.03949338 -0.04118039  0.00720652]
[-0.04183994 -0.04464164 -0.04931844 -0.03665645 -0.00707277 -0.02260797
  0.08545648 -0.03949338 -0.06648815  0.00720652]
[-0.04183994 -0.04464164  0.04121778 -0.02632783 -0.03183992 -0.03043668
 -0.03603757  0.00294291  0.03365681 -0.01764613]
[-0.02730979 -0.04464164 -0.06332999 -0.05042793 -0.08962994 -0.10433972
  0.05232174 -0.0763945  -0.05615757 -0.06735141]
[ 0.04170844 -0.04464164 -0.06440781  0.03564384  0.01219057 -0.05799375
  0.18117906 -0.0763945  -0.00060925 -0.05078298]
[ 0.06350368  0.05068012 -0.02560657  0.01154374  0.06447678  0.04847673
  0.03023191 -0.00259226  0.03839325  0.01963284]
[-0.07090025 -0.04464164 -0.00405033 -0.04009932 -0.06623874 -0.07866155
  0.05232174 -0.0763945  -0.05140054 -0.03421455]
[-0.04183994  0.05068012  0.00457217 -0.0538708  -0.0442235  -0.0273052
 -0.08021722  0.07120998  0.0366458   0.01963284]
[-0.02730979  0.05068012 -0.00728377 -0.04009932 -0.01120063 -0.01383982
  0.05968501 -0.03949338 -0.08238148 -0.02593034]
[-0.03457486 -0.04464164 -0.0374625  -0.06075654  0.02044629  0.04346635
 -0.01394774 -0.00259226 -0.03075121 -0.07149352]
[ 0.06713621  0.05068012 -0.02560657 -0.04009932 -0.06348684 -0.05987264
 -0.00290283 -0.03949338 -0.01919705  0.01134862]
[-0.04547248  0.05068012 -0.02452876  0.05974393  0.0053108   0.01496984
 -0.05444576  0.07120998  0.0423449   0.01549073]
[-0.00914709  0.05068012 -0.01806189 -0.03321358 -0.0208323   0.01215151
 -0.07285395  0.07120998  0.00027149  0.01963284]
[ 0.04170844  0.05068012 -0.01482845 -0.01714685 -0.00569682  0.00839372
 -0.01394774 -0.00185424 -0.01190068  0.00306441]
[ 0.03807591  0.05068012 -0.02991782 -0.04009932 -0.03321588 -0.02417372
 -0.01026611 -0.00259226 -0.01290794  0.00306441]
[ 0.01628068 -0.04464164 -0.046085   -0.00567061 -0.07587041 -0.06143838
 -0.01394774 -0.03949338 -0.05140054  0.01963284]
[-0.00188202 -0.04464164 -0.06979687 -0.01255635 -0.00019301 -0.00914259
  0.07072993 -0.03949338 -0.06291295  0.04034337]
[-0.00188202 -0.04464164  0.03367309  0.12515848  0.02457414  0.02624319
 -0.01026611 -0.00259226  0.02671426  0.06105391]
[ 0.06350368  0.05068012 -0.00405033 -0.01255635  0.10300346  0.04878988
  0.05600338 -0.00259226  0.08449528 -0.01764613]
[ 0.01264814  0.05068012 -0.02021751 -0.00222774  0.03833367  0.05317395
 -0.00658447  0.03430886 -0.00514531 -0.00936191]
[ 0.01264814  0.05068012  0.00241654  0.05630106  0.02732605  0.01716188
  0.04127682 -0.03949338  0.00371174  0.07348023]
[-0.00914709  0.05068012 -0.03099563 -0.02632783 -0.01120063 -0.00100073
 -0.02131102 -0.00259226  0.00620932  0.02791705]
[-0.03094232  0.05068012  0.02828403  0.07007254 -0.12678067 -0.10684491
 -0.05444576 -0.04798064 -0.03075121  0.01549073]
[-0.09632802 -0.04464164 -0.03638469 -0.07452802 -0.03871969 -0.02761835
  0.01550536 -0.03949338 -0.07408887 -0.0010777 ]
[ 0.00538306 -0.04464164 -0.05794093 -0.02288496 -0.0676147  -0.06832765
 -0.05444576 -0.00259226  0.04289569 -0.08391984]
[-0.10359309 -0.04464164 -0.0374625  -0.02632783  0.0025589   0.01998022
  0.01182372 -0.00259226 -0.06832974 -0.02593034]
[ 0.07076875 -0.04464164  0.01211685  0.04252958  0.07135654  0.0534871
  0.05232174 -0.00259226  0.02539313 -0.0052198 ]
[ 0.01264814  0.05068012 -0.02237314 -0.02977071  0.01081462  0.02843523
 -0.02131102  0.03430886 -0.00608025 -0.0010777 ]
[-0.01641217 -0.04464164 -0.03530688 -0.02632783  0.03282986  0.01716188
  0.10018303 -0.03949338 -0.07020931 -0.07977773]
[-0.0382074  -0.04464164  0.00996123 -0.04698506 -0.05935898 -0.05298337
 -0.01026611 -0.03949338 -0.01599827 -0.04249877]
[ 0.00175052 -0.04464164 -0.03961813 -0.10092337 -0.02908802 -0.03012354
  0.04495846 -0.05019471 -0.06832974 -0.12948301]
[ 0.04534098 -0.04464164  0.07139652  0.00121513 -0.00982468 -0.00100073
  0.01550536 -0.03949338 -0.04118039 -0.07149352]
[-0.07090025  0.05068012 -0.07518593 -0.04009932 -0.05110326 -0.01509241
 -0.03971921 -0.00259226 -0.09643322 -0.03421455]
[ 0.04534098 -0.04464164 -0.00620595  0.01154374  0.06310082  0.01622244
  0.09650139 -0.03949338  0.04289569 -0.03835666]
[-0.05273755  0.05068012 -0.04069594 -0.06764228 -0.03183992 -0.0370128
  0.03759519 -0.03949338 -0.03452372  0.06933812]
[-0.04547248 -0.04464164 -0.04824063 -0.01944209 -0.00019301 -0.01603186
  0.06704829 -0.03949338 -0.02479119  0.01963284]
[ 0.01264814 -0.04464164 -0.02560657 -0.04009932 -0.03046397 -0.04515466
  0.0780932  -0.0763945  -0.07212845  0.01134862]
[ 0.04534098 -0.04464164  0.0519959  -0.0538708   0.06310082  0.06476045
 -0.01026611  0.03430886  0.03723201  0.01963284]
[-0.02004471 -0.04464164  0.00457217  0.09761551  0.0053108  -0.02072908
  0.06336665 -0.03949338  0.01255315  0.01134862]
[-0.04910502 -0.04464164 -0.06440781 -0.10207099 -0.00294491 -0.01540556
  0.06336665 -0.04724262 -0.03324879 -0.05492509]
[-0.07816532 -0.04464164 -0.01698407 -0.01255635 -0.00019301 -0.01352667
  0.07072993 -0.03949338 -0.04118039 -0.09220405]
[-0.07090025 -0.04464164 -0.05794093 -0.08141377 -0.04559945 -0.02887094
 -0.04340085 -0.00259226  0.0011438  -0.0052198 ]
[ 0.0562386   0.05068012  0.00996123  0.04941532 -0.00432087 -0.01227407
 -0.04340085  0.03430886  0.06078775  0.03205916]
[-0.02730979 -0.04464164  0.08864151 -0.02518021  0.02182224  0.04252691
 -0.03235593  0.03430886  0.00286377  0.07762233]
[ 0.00175052  0.05068012 -0.00512814 -0.01255635 -0.01532849 -0.01383982
  0.00814208 -0.03949338 -0.00608025 -0.06735141]
[-0.00188202 -0.04464164 -0.06440781  0.01154374  0.02732605  0.03751653
 -0.01394774  0.03430886  0.0117839  -0.05492509]
[ 0.01628068 -0.04464164  0.01750591 -0.02288496  0.06034892  0.0444058
  0.03023191 -0.00259226  0.03723201 -0.0010777 ]
[ 0.01628068  0.05068012 -0.04500719  0.0631868   0.01081462 -0.00037443
  0.06336665 -0.03949338 -0.03075121  0.03620126]
[-0.09269548 -0.04464164  0.02828403 -0.01599922  0.03695772  0.02499059
  0.05600338 -0.03949338 -0.00514531 -0.0010777 ]
[ 0.05987114  0.05068012  0.04121778  0.01154374  0.04108558  0.07071027
 -0.03603757  0.03430886 -0.01090444 -0.03007245]
[-0.02730979 -0.04464164  0.06492964 -0.00222774 -0.02496016 -0.01728445
  0.02286863 -0.03949338 -0.0611766  -0.0632093 ]
[ 0.02354575  0.05068012 -0.03207344 -0.04009932 -0.03183992 -0.02166853
 -0.01394774 -0.00259226 -0.01090444  0.01963284]
[-0.09632802 -0.04464164 -0.07626374 -0.04354219 -0.04559945 -0.03482076
  0.00814208 -0.03949338 -0.0594727  -0.08391984]
[ 0.02717829 -0.04464164  0.04984027 -0.05501842 -0.00294491  0.04064802
 -0.0581274   0.05275942 -0.05295879 -0.0052198 ]
[ 0.01991321  0.05068012  0.04552903  0.02990572 -0.06211089 -0.05580171
 -0.07285395  0.02692863  0.04560081  0.04034337]
[ 0.03807591  0.05068012 -0.00943939  0.00236275  0.00118295  0.03751653
 -0.05444576  0.05017634 -0.02595242  0.10661708]
[ 0.04170844  0.05068012 -0.03207344 -0.02288496 -0.04972731 -0.04014429
  0.03023191 -0.03949338 -0.12609739  0.01549073]
[ 0.01991321 -0.04464164  0.00457217 -0.02632783  0.02319819  0.01027262
  0.06704829 -0.03949338 -0.02364456 -0.04664087]
[-0.0854304  -0.04464164  0.02073935 -0.02632783  0.0053108   0.01966707
 -0.00290283 -0.00259226 -0.02364456  0.00306441]
[ 0.01991321  0.05068012  0.01427248  0.0631868   0.01494247  0.02029337
 -0.04708248  0.03430886  0.04666077  0.09004865]
[ 0.02354575 -0.04464164  0.11019775  0.0631868   0.01356652 -0.03294187
 -0.02499266  0.02065544  0.09924023  0.02377494]
[-0.03094232  0.05068012  0.00133873 -0.00567061  0.06447678  0.04941617
 -0.04708248  0.1081111   0.08379677  0.00306441]
[ 0.04897352  0.05068012  0.05846277  0.07007254  0.01356652  0.02060651
 -0.02131102  0.03430886  0.02200405  0.02791705]
[ 0.05987114 -0.04464164 -0.02129532  0.0872869   0.04521344  0.03156671
 -0.04708248  0.07120998  0.07912108  0.13561183]
[-0.05637009  0.05068012 -0.0105172   0.02531523  0.02319819  0.04002172
 -0.03971921  0.03430886  0.02061233  0.0569118 ]
[ 0.01628068 -0.04464164 -0.04716281 -0.00222774 -0.01945635 -0.04296262
  0.03391355 -0.03949338  0.02736771  0.02791705]
[-0.04910502 -0.04464164  0.00457217  0.01154374 -0.03734373 -0.01853704
 -0.01762938 -0.00259226 -0.03980959 -0.02178823]
[ 0.06350368 -0.04464164  0.01750591  0.02187235  0.00806271  0.02154596
 -0.03603757  0.03430886  0.01990842  0.01134862]
[ 0.04897352  0.05068012  0.08109682  0.02187235  0.04383748  0.06413415
 -0.05444576  0.07120998  0.03243323  0.04862759]
[ 0.00538306  0.05068012  0.0347509  -0.00108012  0.15253776  0.19878799
 -0.06180903  0.18523444  0.01556684  0.07348023]
[-0.00551455 -0.04464164  0.02397278  0.00810087 -0.03459183 -0.03889169
  0.02286863 -0.03949338 -0.01599827 -0.01350402]
[-0.00551455  0.05068012 -0.00836158 -0.00222774 -0.03321588 -0.06363042
 -0.03603757 -0.00259226  0.08058546  0.00720652]
[-0.08906294 -0.04464164 -0.06117437 -0.02632783 -0.05523112 -0.05454912
  0.04127682 -0.0763945  -0.09393565 -0.05492509]
[ 0.03444337  0.05068012 -0.00189471 -0.01255635  0.03833367  0.01371725
  0.0780932  -0.03949338  0.00455189 -0.09634616]
[-0.05273755 -0.04464164 -0.06225218 -0.02632783 -0.00569682 -0.00507166
  0.03023191 -0.03949338 -0.03075121 -0.07149352]
[ 0.0090156  -0.04464164  0.0164281   0.004658    0.00943866  0.01058576
 -0.02867429  0.03430886  0.03896837  0.1190434 ]
[-0.06363517  0.05068012  0.09618619  0.10450125 -0.00294491 -0.00475851
 -0.00658447 -0.00259226  0.02269202  0.07348023]
[-0.09632802 -0.04464164 -0.06979687 -0.06764228 -0.01945635 -0.01070833
  0.01550536 -0.03949338 -0.04687948 -0.07977773]
[ 0.01628068  0.05068012 -0.02129532 -0.00911348  0.03420581  0.04785043
  0.00077881 -0.00259226 -0.01290794  0.02377494]
[-0.04183994  0.05068012 -0.05362969 -0.04009932 -0.08412613 -0.07177228
 -0.00290283 -0.03949338 -0.07212845 -0.03007245]
[-0.07453279 -0.04464164  0.0433734  -0.03321358  0.01219057  0.00025186
  0.06336665 -0.03949338 -0.02712865 -0.04664087]
[-0.00551455 -0.04464164  0.05630715 -0.03665645 -0.04835136 -0.04296262
 -0.07285395  0.03799897  0.05078151  0.0569118 ]
[-0.09269548 -0.04464164 -0.0816528  -0.05731367 -0.06073493 -0.0680145
  0.0486401  -0.0763945  -0.06648815 -0.02178823]
[ 0.00538306 -0.04464164  0.04984027  0.09761551 -0.01532849 -0.016345
 -0.00658447 -0.00259226  0.01703713 -0.01350402]
[ 0.03444337  0.05068012  0.11127556  0.07695829 -0.03183992 -0.03388132
 -0.02131102 -0.00259226  0.02801651  0.07348023]
[ 0.02354575 -0.04464164  0.06169621  0.05285819 -0.03459183 -0.04891244
 -0.02867429 -0.00259226  0.054724   -0.0052198 ]
[ 0.04170844  0.05068012  0.01427248  0.04252958 -0.03046397 -0.00131388
 -0.04340085 -0.00259226 -0.03324879  0.01549073]
[-0.02730979 -0.04464164  0.04768465 -0.04698506  0.03420581  0.05724488
 -0.08021722  0.13025177  0.04506617  0.13146972]
[ 0.04170844  0.05068012  0.01211685  0.03908671  0.05484511  0.0444058
  0.00446045 -0.00259226  0.04560081 -0.0010777 ]
[-0.03094232 -0.04464164  0.00564998 -0.00911348  0.01907033  0.00682798
  0.07441156 -0.03949338 -0.04118039 -0.04249877]
[ 0.03081083  0.05068012  0.04660684 -0.01599922  0.02044629  0.05066877
 -0.0581274   0.07120998  0.00620932  0.00720652]
[-0.04183994 -0.04464164  0.12852056  0.0631868  -0.03321588 -0.03262872
  0.01182372 -0.03949338 -0.01599827 -0.05078298]
[-0.03094232  0.05068012  0.05954058  0.00121513  0.01219057  0.03156671
 -0.04340085  0.03430886  0.01482271  0.00720652]
[-0.05637009 -0.04464164  0.09295276 -0.01944209  0.01494247  0.02342485
 -0.02867429  0.02545259  0.02605609  0.04034337]
[-0.06000263  0.05068012  0.01535029 -0.01944209  0.03695772  0.04816358
  0.019187   -0.00259226 -0.03075121 -0.0010777 ]
[-0.04910502  0.05068012 -0.00512814 -0.04698506 -0.0208323  -0.02041593
 -0.06917231  0.07120998  0.06123791 -0.03835666]
[ 0.02354575 -0.04464164  0.0703187   0.02531523 -0.03459183 -0.01446611
 -0.03235593 -0.00259226 -0.01919705 -0.00936191]
[ 0.00175052 -0.04464164 -0.00405033 -0.00567061 -0.00844872 -0.02386057
  0.05232174 -0.03949338 -0.00894402 -0.01350402]
[-0.03457486  0.05068012 -0.00081689  0.07007254  0.03970963  0.06695249
 -0.06549067  0.1081111   0.02671426  0.07348023]
[ 0.04170844  0.05068012 -0.04392938  0.0631868  -0.00432087  0.01622244
 -0.01394774 -0.00259226 -0.03452372  0.01134862]
[ 0.06713621  0.05068012  0.02073935 -0.00567061  0.02044629  0.02624319
 -0.00290283 -0.00259226  0.00864028  0.00306441]
[-0.02730979  0.05068012  0.06061839  0.04941532  0.08511607  0.08636769
 -0.00290283  0.03430886  0.03781448  0.04862759]
[-0.01641217 -0.04464164 -0.0105172   0.00121513 -0.03734373 -0.03576021
  0.01182372 -0.03949338 -0.02139368 -0.03421455]
[-0.00188202  0.05068012 -0.03315126 -0.01829447  0.03145391  0.04284006
 -0.01394774  0.01991742  0.01022564  0.02791705]
[-0.01277963 -0.04464164 -0.06548562 -0.06993753  0.00118295  0.01684873
 -0.00290283 -0.0070204  -0.03075121 -0.05078298]
[-0.00551455 -0.04464164  0.0433734   0.0872869   0.01356652  0.00714113
 -0.01394774 -0.00259226  0.0423449  -0.01764613]
[-0.00914709 -0.04464164 -0.06225218 -0.07452802 -0.02358421 -0.01321352
  0.00446045 -0.03949338 -0.03581673 -0.04664087]
[-0.04547248  0.05068012  0.06385183  0.07007254  0.13327442  0.13146107
 -0.03971921  0.1081111   0.07573759  0.08590655]
[-0.05273755 -0.04464164  0.03043966 -0.07452802 -0.02358421 -0.01133463
 -0.00290283 -0.00259226 -0.03075121 -0.0010777 ]
[ 0.01628068  0.05068012  0.07247433  0.07695829 -0.00844872  0.00557539
 -0.00658447 -0.00259226 -0.02364456  0.06105391]
[ 0.04534098 -0.04464164 -0.0191397   0.02187235  0.02732605 -0.01352667
  0.10018303 -0.03949338  0.01776348 -0.01350402]
[-0.04183994 -0.04464164 -0.06656343 -0.04698506 -0.03734373 -0.04327577
  0.0486401  -0.03949338 -0.05615757 -0.01350402]
[-0.05637009  0.05068012 -0.06009656 -0.03665645 -0.08825399 -0.07083284
 -0.01394774 -0.03949338 -0.07814091 -0.10463037]
[ 0.07076875 -0.04464164  0.06924089  0.03793909  0.02182224  0.00150446
 -0.03603757  0.039106    0.07763279  0.10661708]
[ 0.00175052  0.05068012  0.05954058 -0.00222774  0.06172487  0.06319471
 -0.0581274   0.1081111   0.06898221  0.12732762]
[-0.00188202 -0.04464164 -0.02668438  0.04941532  0.05897297 -0.01603186
 -0.04708248  0.07120998  0.13359898  0.01963284]
[ 0.02354575  0.05068012 -0.02021751 -0.03665645 -0.01395254 -0.01509241
  0.05968501 -0.03949338 -0.09643322 -0.01764613]
[-0.02004471 -0.04464164 -0.046085   -0.09862812 -0.07587041 -0.05987264
 -0.01762938 -0.03949338 -0.05140054 -0.04664087]
[ 0.04170844  0.05068012  0.07139652  0.00810087  0.03833367  0.01590929
 -0.01762938  0.03430886  0.07341008  0.08590655]
[-0.06363517  0.05068012 -0.07949718 -0.00567061 -0.07174256 -0.06644876
 -0.01026611 -0.03949338 -0.01811827 -0.05492509]
[ 0.01628068  0.05068012  0.00996123 -0.04354219 -0.09650971 -0.09463212
 -0.03971921 -0.03949338  0.01703713  0.00720652]
[ 0.06713621 -0.04464164 -0.03854032 -0.02632783 -0.03183992 -0.02636575
  0.00814208 -0.03949338 -0.02712865  0.00306441]
[ 0.04534098  0.05068012  0.01966154  0.03908671  0.02044629  0.02593004
  0.00814208 -0.00259226 -0.00330371  0.01963284]
[ 0.04897352 -0.04464164  0.02720622 -0.02518021  0.02319819  0.01841448
 -0.06180903  0.08006625  0.07222365  0.03205916]
[ 0.04170844 -0.04464164 -0.00836158 -0.02632783  0.02457414  0.01622244
  0.07072993 -0.03949338 -0.04836172 -0.03007245]
[-0.02367725 -0.04464164 -0.01590626 -0.01255635  0.02044629  0.04127431
 -0.04340085  0.03430886  0.01407245 -0.00936191]
[-0.0382074   0.05068012  0.00457217  0.03564384 -0.01120063  0.00588854
 -0.04708248  0.03430886  0.01630495 -0.0010777 ]
[ 0.04897352 -0.04464164 -0.04285156 -0.0538708   0.04521344  0.05004247
  0.03391355 -0.00259226 -0.02595242 -0.0632093 ]
[ 0.04534098  0.05068012  0.00564998  0.05630106  0.06447678  0.08918603
 -0.03971921  0.07120998  0.01556684 -0.00936191]
[ 0.04534098  0.05068012 -0.03530688  0.0631868  -0.00432087 -0.00162703
 -0.01026611 -0.00259226  0.01556684  0.0569118 ]
[ 0.01628068 -0.04464164  0.02397278 -0.02288496 -0.02496016 -0.02605261
 -0.03235593 -0.00259226  0.03723201  0.03205916]
[-0.07453279  0.05068012 -0.01806189  0.00810087 -0.01945635 -0.02480001
 -0.06549067  0.03430886  0.06731722 -0.01764613]
[-0.08179786  0.05068012  0.04229559 -0.01944209  0.03970963  0.05755803
 -0.06917231  0.1081111   0.04718617 -0.03835666]
[-0.06726771 -0.04464164 -0.0547075  -0.02632783 -0.07587041 -0.08210618
  0.0486401  -0.0763945  -0.08682899 -0.10463037]
[ 0.00538306 -0.04464164 -0.00297252  0.04941532  0.07410845  0.07071027
  0.04495846 -0.00259226 -0.00149859 -0.00936191]
[-0.00188202 -0.04464164 -0.06656343  0.00121513 -0.00294491  0.0030702
  0.01182372 -0.00259226 -0.02028875 -0.02593034]
[ 0.0090156  -0.04464164 -0.01267283  0.0287581  -0.01808039 -0.00507166
 -0.04708248  0.03430886  0.02337484 -0.0052198 ]
[-0.00551455  0.05068012 -0.04177375 -0.04354219 -0.07999827 -0.07615636
 -0.03235593 -0.03949338  0.01022564 -0.00936191]
[ 0.0562386   0.05068012 -0.03099563  0.00810087  0.01907033  0.02123281
  0.03391355 -0.03949338 -0.02952762 -0.05906719]
[ 0.0090156   0.05068012 -0.00512814 -0.06419941  0.06998059  0.0838625
 -0.03971921  0.07120998  0.03953988  0.01963284]
[-0.06726771 -0.04464164 -0.05901875  0.03220097 -0.05110326 -0.04953874
 -0.01026611 -0.03949338  0.00200784  0.02377494]
[ 0.02717829  0.05068012  0.0250506   0.01498661  0.0259501   0.04847673
 -0.03971921  0.03430886  0.00783714  0.02377494]
[-0.02367725 -0.04464164 -0.046085   -0.03321358  0.03282986  0.03626394
  0.03759519 -0.00259226 -0.03324879  0.01134862]
[ 0.04897352  0.05068012  0.00349435  0.07007254 -0.00844872  0.0134041
 -0.05444576  0.03430886  0.01331597  0.03620126]
[-0.05273755 -0.04464164  0.05415152 -0.02632783 -0.05523112 -0.03388132
 -0.01394774 -0.03949338 -0.07408887 -0.05906719]
[ 0.04170844 -0.04464164 -0.04500719  0.03449621  0.04383748 -0.01571871
  0.03759519 -0.01440062  0.08989869  0.00720652]
[ 0.0562386  -0.04464164 -0.05794093 -0.00796586  0.0520932   0.04910302
  0.05600338 -0.02141183 -0.02832024  0.04448548]
[-0.03457486  0.05068012 -0.05578531 -0.01599922 -0.00982468 -0.00789
  0.03759519 -0.03949338 -0.05295879  0.02791705]
[ 0.08166637  0.05068012  0.00133873  0.03564384  0.12639466  0.09106492
  0.019187    0.03430886  0.08449528 -0.03007245]
[-0.00188202  0.05068012  0.03043966  0.05285819  0.03970963  0.05661859
 -0.03971921  0.07120998  0.02539313  0.02791705]
[ 0.11072668  0.05068012  0.00672779  0.0287581  -0.02771206 -0.0072637
 -0.04708248  0.03430886  0.00200784  0.07762233]
[-0.03094232 -0.04464164  0.04660684  0.01498661 -0.01670444 -0.04703355
  0.00077881 -0.00259226  0.06345592 -0.02593034]
[ 0.00175052  0.05068012  0.02612841 -0.00911348  0.02457414  0.03845598
 -0.02131102  0.03430886  0.00943641  0.00306441]
[ 0.0090156  -0.04464164  0.04552903  0.0287581   0.01219057 -0.01383982
  0.02655027 -0.03949338  0.04613233  0.03620126]
[ 0.03081083 -0.04464164  0.04013997  0.07695829  0.01769438  0.03782968
 -0.02867429  0.03430886 -0.00149859  0.1190434 ]
[ 0.03807591  0.05068012 -0.01806189  0.06662967 -0.05110326 -0.01665815
 -0.07653559  0.03430886 -0.01190068 -0.01350402]
[ 0.0090156  -0.04464164  0.01427248  0.01498661  0.05484511  0.04722413
  0.07072993 -0.03949338 -0.03324879 -0.05906719]
[ 0.09256398 -0.04464164  0.03690653  0.02187235 -0.02496016 -0.01665815
  0.00077881 -0.03949338 -0.02251217 -0.02178823]
[ 0.06713621 -0.04464164  0.00349435  0.03564384  0.0493413   0.03125356
  0.07072993 -0.03949338 -0.00060925  0.01963284]
[ 0.00175052 -0.04464164 -0.07087468 -0.02288496 -0.00156896 -0.00100073
  0.02655027 -0.03949338 -0.02251217  0.00720652]
[ 0.03081083 -0.04464164 -0.03315126 -0.02288496 -0.0469754  -0.08116674
  0.10386467 -0.0763945  -0.03980959 -0.05492509]
[ 0.02717829  0.05068012  0.09403057  0.09761551 -0.03459183 -0.03200243
 -0.04340085 -0.00259226  0.0366458   0.10661708]
[ 0.01264814  0.05068012  0.03582872  0.04941532  0.05346915  0.0741549
 -0.06917231  0.14501222  0.04560081  0.04862759]
[ 0.07440129 -0.04464164  0.03151747  0.10105838  0.04658939  0.03689023
  0.01550536 -0.00259226  0.03365681  0.04448548]
[-0.04183994 -0.04464164 -0.06548562 -0.04009932 -0.00569682  0.01434355
 -0.04340085  0.03430886  0.00702686 -0.01350402]
[-0.08906294 -0.04464164 -0.04177375 -0.01944209 -0.06623874 -0.07427747
  0.00814208 -0.03949338  0.0011438  -0.03007245]
[ 0.02354575  0.05068012 -0.03961813 -0.00567061 -0.04835136 -0.03325502
  0.01182372 -0.03949338 -0.10164355 -0.06735141]
[-0.04547248 -0.04464164 -0.03854032 -0.02632783 -0.01532849  0.00087816
 -0.03235593 -0.00259226  0.0011438  -0.03835666]
[-0.02367725  0.05068012 -0.02560657  0.04252958 -0.05385517 -0.04765985
 -0.02131102 -0.03949338  0.0011438   0.01963284]
[-0.09996055 -0.04464164 -0.02345095 -0.06419941 -0.05798303 -0.06018579
  0.01182372 -0.03949338 -0.01811827 -0.05078298]
[-0.02730979 -0.04464164 -0.06656343 -0.1123996  -0.04972731 -0.04139688
  0.00077881 -0.03949338 -0.03581673 -0.00936191]
[ 0.03081083  0.05068012  0.03259528  0.04941532 -0.04009564 -0.04358892
 -0.06917231  0.03430886  0.06301662  0.00306441]
[-0.10359309  0.05068012 -0.046085   -0.02632783 -0.02496016 -0.02480001
  0.03023191 -0.03949338 -0.03980959 -0.05492509]
[ 0.06713621  0.05068012 -0.02991782  0.05744869 -0.00019301 -0.01571871
  0.07441156 -0.05056372 -0.03845911  0.00720652]
[-0.05273755 -0.04464164 -0.01267283 -0.06075654 -0.00019301  0.00808058
  0.01182372 -0.00259226 -0.02712865 -0.05078298]
[-0.02730979  0.05068012 -0.01590626 -0.02977071  0.00393485 -0.00068758
  0.04127682 -0.03949338 -0.02364456  0.01134862]
[-0.0382074   0.05068012  0.07139652 -0.05731367  0.15391371  0.15588665
  0.00077881  0.071948    0.05027649  0.06933812]
[ 0.0090156  -0.04464164 -0.03099563  0.02187235  0.00806271  0.00870687
  0.00446045 -0.00259226  0.00943641  0.01134862]
[ 0.01264814  0.05068012  0.00026092 -0.01140873  0.03970963  0.05724488
 -0.03971921  0.05608052  0.02405258  0.03205916]
[ 0.06713621 -0.04464164  0.03690653 -0.05042793 -0.02358421 -0.03450761
  0.0486401  -0.03949338 -0.02595242 -0.03835666]
[ 0.04534098 -0.04464164  0.03906215  0.04597245  0.00668676 -0.02417372
  0.00814208 -0.01255556  0.06432823  0.0569118 ]
[ 0.06713621  0.05068012 -0.01482845  0.05859631 -0.05935898 -0.03450761
 -0.06180903  0.01290621 -0.00514531  0.04862759]
[ 0.02717829 -0.04464164  0.00672779  0.03564384  0.07961226  0.07071027
  0.01550536  0.03430886  0.04067226  0.01134862]
[ 0.0562386  -0.04464164 -0.06871905 -0.06878991 -0.00019301 -0.00100073
  0.04495846 -0.03764833 -0.04836172 -0.0010777 ]
[ 0.03444337  0.05068012 -0.00943939  0.05974393 -0.03596778 -0.00757685
 -0.07653559  0.07120998  0.0110081  -0.02178823]
[ 0.02354575 -0.04464164  0.01966154 -0.01255635  0.08374012  0.03876913
  0.06336665 -0.00259226  0.06604821  0.04862759]
[ 0.04897352  0.05068012  0.07462995  0.06662967 -0.00982468 -0.00225332
 -0.04340085  0.03430886  0.03365681  0.01963284]
[ 0.03081083  0.05068012 -0.00836158  0.004658    0.01494247  0.02749578
  0.00814208 -0.00812743 -0.02952762  0.0569118 ]
[-0.10359309  0.05068012 -0.02345095 -0.02288496 -0.08687804 -0.06770135
 -0.01762938 -0.03949338 -0.07814091 -0.07149352]
[ 0.01628068  0.05068012 -0.046085    0.01154374 -0.03321588 -0.01603186
 -0.01026611 -0.00259226 -0.0439854  -0.04249877]
[-0.06000263  0.05068012  0.05415152 -0.01944209 -0.04972731 -0.04891244
  0.02286863 -0.03949338 -0.0439854  -0.0052198 ]
[-0.02730979 -0.04464164 -0.03530688 -0.02977071 -0.05660707 -0.05862005
  0.03023191 -0.03949338 -0.04986847 -0.12948301]
[ 0.04170844 -0.04464164 -0.03207344 -0.06190417  0.07961226  0.05098192
  0.05600338 -0.00997249  0.04506617 -0.05906719]
[-0.08179786 -0.04464164 -0.0816528  -0.04009932  0.0025589  -0.01853704
  0.07072993 -0.03949338 -0.01090444 -0.09220405]
[-0.04183994 -0.04464164  0.04768465  0.05974393  0.12777061  0.12801644
 -0.02499266  0.1081111   0.06389312  0.04034337]
[-0.01277963 -0.04464164  0.06061839  0.05285819  0.04796534  0.02937467
 -0.01762938  0.03430886  0.0702113   0.00720652]
[ 0.06713621 -0.04464164  0.05630715  0.07351542 -0.01395254 -0.03920484
 -0.03235593 -0.00259226  0.07573759  0.03620126]
[-0.05273755  0.05068012  0.09834182  0.0872869   0.06034892  0.04878988
 -0.0581274   0.1081111   0.08449528  0.04034337]
[ 0.00538306 -0.04464164  0.05954058 -0.05616605  0.02457414  0.05286081
 -0.04340085  0.05091436 -0.00421986 -0.03007245]
[ 0.08166637 -0.04464164  0.03367309  0.00810087  0.0520932   0.05661859
 -0.01762938  0.03430886  0.03486419  0.06933812]
[ 0.03081083  0.05068012  0.05630715  0.07695829  0.0493413  -0.01227407
 -0.03603757  0.07120998  0.12005338  0.09004865]
[ 0.00175052 -0.04464164 -0.06548562 -0.00567061 -0.00707277 -0.01947649
  0.04127682 -0.03949338 -0.00330371  0.00720652]
[-0.04910502 -0.04464164  0.16085492 -0.04698506 -0.02908802 -0.01978964
 -0.04708248  0.03430886  0.02801651  0.01134862]
[-0.02730979  0.05068012 -0.05578531  0.02531523 -0.00707277 -0.02354742
  0.05232174 -0.03949338 -0.00514531 -0.05078298]
[ 0.07803383  0.05068012 -0.02452876 -0.04239456  0.00668676  0.05286081
 -0.06917231  0.08080427 -0.03712835  0.0569118 ]
[ 0.01264814 -0.04464164 -0.03638469  0.04252958 -0.01395254  0.01293438
 -0.02683348  0.00515697 -0.0439854   0.00720652]
[ 0.04170844 -0.04464164 -0.00836158 -0.05731367  0.00806271 -0.03137613
  0.15172596 -0.0763945  -0.08023654 -0.01764613]
[ 0.04897352 -0.04464164 -0.04177375  0.10450125  0.03558177 -0.02573946
  0.17749742 -0.0763945  -0.01290794  0.01549073]
[-0.01641217  0.05068012  0.12744274  0.09761551  0.01631843  0.01747503
 -0.02131102  0.03430886  0.03486419  0.00306441]
[-0.07453279  0.05068012 -0.07734155 -0.04698506 -0.0469754  -0.03262872
  0.00446045 -0.03949338 -0.07212845 -0.01764613]
[ 0.03444337  0.05068012  0.02828403 -0.03321358 -0.04559945 -0.00976889
 -0.05076412 -0.00259226 -0.0594727  -0.02178823]
[-0.03457486  0.05068012 -0.02560657 -0.01714685  0.00118295 -0.00287962
  0.00814208 -0.01550765  0.01482271  0.04034337]
[-0.05273755  0.05068012 -0.06225218  0.01154374 -0.00844872 -0.03669965
  0.12227286 -0.0763945  -0.08682899  0.00306441]
[ 0.05987114 -0.04464164 -0.00081689 -0.08485664  0.0754844   0.07947843
  0.00446045  0.03430886  0.02337484  0.02791705]
[ 0.06350368  0.05068012  0.08864151  0.07007254  0.02044629  0.03751653
 -0.05076412  0.07120998  0.02930041  0.07348023]
[ 0.0090156  -0.04464164 -0.03207344 -0.02632783  0.04246153 -0.01039518
  0.15908923 -0.0763945  -0.01190068 -0.03835666]
[ 0.00538306  0.05068012  0.03043966  0.08384403 -0.03734373 -0.0473467
  0.01550536 -0.03949338  0.00864028  0.01549073]
[ 0.03807591  0.05068012  0.00888341  0.04252958 -0.04284755 -0.02104223
 -0.03971921 -0.00259226 -0.01811827  0.00720652]
[ 0.01264814 -0.04464164  0.00672779 -0.05616605 -0.07587041 -0.06644876
 -0.02131102 -0.03764833 -0.01811827 -0.09220405]
[ 0.07440129  0.05068012 -0.02021751  0.04597245  0.07410845  0.0328193
 -0.03603757  0.07120998  0.10635428  0.03620126]
[ 0.01628068 -0.04464164 -0.02452876  0.03564384 -0.00707277 -0.00319277
 -0.01394774 -0.00259226  0.01556684  0.01549073]
[-0.00551455  0.05068012 -0.01159501  0.01154374 -0.02220825 -0.01540556
 -0.02131102 -0.00259226  0.0110081   0.06933812]
[ 0.01264814 -0.04464164  0.02612841  0.0631868   0.1250187   0.09169122
  0.06336665 -0.00259226  0.05757286 -0.02178823]
[-0.03457486 -0.04464164 -0.05901875  0.00121513 -0.05385517 -0.07803525
  0.06704829 -0.0763945  -0.02139368  0.01549073]
[ 0.06713621  0.05068012 -0.03638469 -0.08485664 -0.00707277  0.01966707
 -0.05444576  0.03430886  0.0011438   0.03205916]
[ 0.03807591  0.05068012 -0.02452876  0.004658   -0.02633611 -0.02636575
  0.01550536 -0.03949338 -0.01599827 -0.02593034]
[ 0.0090156   0.05068012  0.01858372  0.03908671  0.01769438  0.01058576
  0.019187   -0.00259226  0.01630495 -0.01764613]
[-0.09269548  0.05068012 -0.0902753  -0.05731367 -0.02496016 -0.03043668
 -0.00658447 -0.00259226  0.02405258  0.00306441]
[ 0.07076875 -0.04464164 -0.00512814 -0.00567061  0.08786798  0.10296456
  0.01182372  0.03430886 -0.00894402  0.02791705]
[-0.01641217 -0.04464164 -0.05255187 -0.03321358 -0.0442235  -0.03638651
  0.019187   -0.03949338 -0.06832974 -0.03007245]
[ 0.04170844  0.05068012 -0.02237314  0.0287581  -0.06623874 -0.04515466
 -0.06180903 -0.00259226  0.00286377 -0.05492509]
[ 0.01264814 -0.04464164 -0.02021751 -0.01599922  0.01219057  0.02123281
 -0.07653559  0.1081111   0.05988072 -0.02178823]
[-0.0382074  -0.04464164 -0.0547075  -0.0779709  -0.03321588 -0.08649026
  0.14068104 -0.0763945  -0.01919705 -0.0052198 ]
[ 0.04534098 -0.04464164 -0.00620595 -0.01599922  0.1250187   0.1251981
  0.019187    0.03430886  0.03243323 -0.0052198 ]
[ 0.07076875  0.05068012 -0.01698407  0.02187235  0.04383748  0.05630544
  0.03759519 -0.00259226 -0.07020931 -0.01764613]
[-0.07453279  0.05068012  0.05522933 -0.04009932  0.05346915  0.05317395
 -0.04340085  0.07120998  0.06123791 -0.03421455]
[ 0.05987114  0.05068012  0.07678558  0.02531523  0.00118295  0.01684873
 -0.05444576  0.03430886  0.02993565  0.04448548]
[ 0.07440129 -0.04464164  0.01858372  0.0631868   0.06172487  0.04284006
  0.00814208 -0.00259226  0.05803913 -0.05906719]
[ 0.0090156  -0.04464164 -0.02237314 -0.03206595 -0.04972731 -0.0686408
  0.0780932  -0.07085934 -0.06291295 -0.03835666]
[-0.07090025 -0.04464164  0.09295276  0.01269137  0.02044629  0.04252691
  0.00077881  0.00035983 -0.05454415 -0.0010777 ]
[ 0.02354575  0.05068012 -0.03099563 -0.00567061 -0.01670444  0.01778818
 -0.03235593 -0.00259226 -0.07408887 -0.03421455]
[-0.05273755  0.05068012  0.03906215 -0.04009932 -0.00569682 -0.01290037
  0.01182372 -0.03949338  0.01630495  0.00306441]
[ 0.06713621 -0.04464164 -0.06117437 -0.04009932 -0.02633611 -0.02448686
  0.03391355 -0.03949338 -0.05615757 -0.05906719]
[ 0.00175052 -0.04464164 -0.00836158 -0.06419941 -0.03871969 -0.02448686
  0.00446045 -0.03949338 -0.06468302 -0.05492509]
[ 0.02354575  0.05068012 -0.0374625  -0.04698506 -0.0910059  -0.07553006
 -0.03235593 -0.03949338 -0.03075121 -0.01350402]
[ 0.03807591  0.05068012 -0.01375064 -0.01599922 -0.03596778 -0.02198168
 -0.01394774 -0.00259226 -0.02595242 -0.0010777 ]
[ 0.01628068 -0.04464164  0.07355214 -0.04124694 -0.00432087 -0.01352667
 -0.01394774 -0.00111622  0.04289569  0.04448548]
[-0.00188202  0.05068012 -0.02452876  0.05285819  0.02732605  0.03000097
  0.03023191 -0.00259226 -0.02139368  0.03620126]
[ 0.01264814 -0.04464164  0.03367309  0.03334859  0.03007796  0.02718263
 -0.00290283  0.00884709  0.03119299  0.02791705]
[ 0.07440129 -0.04464164  0.0347509   0.09417264  0.05759701  0.02029337
  0.02286863 -0.00259226  0.07380215 -0.02178823]
[ 0.04170844  0.05068012 -0.03854032  0.05285819  0.07686035  0.11642994
 -0.03971921  0.07120998 -0.02251217 -0.01350402]
[-0.00914709  0.05068012 -0.03961813 -0.04009932 -0.00844872  0.01622244
 -0.06549067  0.07120998  0.01776348 -0.06735141]
[ 0.0090156   0.05068012 -0.00189471  0.02187235 -0.03871969 -0.02480001
 -0.00658447 -0.03949338 -0.03980959 -0.01350402]
[ 0.06713621  0.05068012 -0.03099563  0.004658    0.02457414  0.03563764
 -0.02867429  0.03430886  0.02337484  0.08176444]
[ 0.00175052 -0.04464164 -0.046085   -0.03321358 -0.07311851 -0.08147988
  0.04495846 -0.06938329 -0.0611766  -0.07977773]
[-0.00914709  0.05068012  0.00133873 -0.00222774  0.07961226  0.07008397
  0.03391355 -0.00259226  0.02671426  0.08176444]
[-0.00551455 -0.04464164  0.06492964  0.03564384 -0.00156896  0.01496984
 -0.01394774  0.00072884 -0.01811827  0.03205916]
[ 0.09619652 -0.04464164  0.04013997 -0.05731367  0.04521344  0.06068952
 -0.02131102  0.03615391  0.01255315  0.02377494]
[-0.07453279 -0.04464164 -0.02345095 -0.00567061 -0.0208323  -0.01415296
  0.01550536 -0.03949338 -0.03845911 -0.03007245]
[ 0.05987114  0.05068012  0.05307371  0.05285819  0.03282986  0.01966707
 -0.01026611  0.03430886  0.05520504 -0.0010777 ]
[-0.02367725 -0.04464164  0.04013997 -0.01255635 -0.00982468 -0.00100073
 -0.00290283 -0.00259226 -0.01190068 -0.03835666]
[ 0.0090156  -0.04464164 -0.02021751 -0.0538708   0.03145391  0.02060651
  0.05600338 -0.03949338 -0.01090444 -0.0010777 ]
[ 0.01628068  0.05068012  0.01427248  0.00121513  0.00118295 -0.02135538
 -0.03235593  0.03430886  0.07496834  0.04034337]
[ 0.01991321 -0.04464164 -0.03422907  0.05515344  0.06722868  0.0741549
 -0.00658447  0.03283281  0.02472532  0.06933812]
[ 0.08893144 -0.04464164  0.00672779  0.02531523  0.03007796  0.00870687
  0.06336665 -0.03949338  0.00943641  0.03205916]
[ 0.01991321 -0.04464164  0.00457217  0.04597245 -0.01808039 -0.05454912
  0.06336665 -0.03949338  0.02866072  0.06105391]
[-0.02367725 -0.04464164  0.03043966 -0.00567061  0.08236416  0.09200436
 -0.01762938  0.07120998  0.03304707  0.00306441]
[ 0.09619652 -0.04464164  0.0519959   0.07925353  0.05484511  0.03657709
 -0.07653559  0.14132211  0.09864637  0.06105391]
[ 0.02354575  0.05068012  0.06169621  0.06203918  0.02457414 -0.03607336
 -0.09126214  0.15534454  0.13339573  0.08176444]
[ 0.07076875  0.05068012 -0.00728377  0.04941532  0.06034892 -0.00444536
 -0.05444576  0.1081111   0.12901941  0.0569118 ]
[ 0.03081083 -0.04464164  0.00564998  0.01154374  0.07823631  0.07791268
 -0.04340085  0.1081111   0.06604821  0.01963284]
[-0.00188202 -0.04464164  0.05415152 -0.06649466  0.07273249  0.05661859
 -0.04340085  0.08486339  0.08449528  0.04862759]
[ 0.04534098  0.05068012 -0.00836158 -0.03321358 -0.00707277  0.00119131
 -0.03971921  0.03430886  0.02993565  0.02791705]
[ 0.07440129 -0.04464164  0.114509    0.0287581   0.02457414  0.02499059
  0.019187   -0.00259226 -0.00060925 -0.0052198 ]
[-0.0382074  -0.04464164  0.06708527 -0.06075654 -0.02908802 -0.02323427
 -0.01026611 -0.00259226 -0.00149859  0.01963284]
[-0.01277963  0.05068012 -0.05578531 -0.00222774 -0.02771206 -0.02918409
  0.019187   -0.03949338 -0.0170521   0.04448548]
[ 0.0090156   0.05068012  0.03043966  0.04252958 -0.00294491  0.03689023
 -0.06549067  0.07120998 -0.02364456  0.01549073]
[ 0.08166637  0.05068012 -0.02560657 -0.03665645 -0.0703666  -0.04640726
 -0.03971921 -0.00259226 -0.04118039 -0.0052198 ]
[ 0.03081083 -0.04464164  0.10480869  0.07695829 -0.01120063 -0.01133463
 -0.0581274   0.03430886  0.05710419  0.03620126]
[ 0.02717829  0.05068012 -0.00620595  0.0287581  -0.01670444 -0.00162703
 -0.0581274   0.03430886  0.02930041  0.03205916]
[-0.06000263  0.05068012 -0.04716281 -0.02288496 -0.07174256 -0.0576806
 -0.00658447 -0.03949338 -0.06291295 -0.05492509]
[ 0.00538306 -0.04464164 -0.04824063 -0.01255635  0.00118295 -0.0066374
  0.06336665 -0.03949338 -0.05140054 -0.05906719]
[-0.02004471 -0.04464164  0.08540807 -0.03665645  0.09199583  0.08949918
 -0.06180903  0.14501222  0.08094791  0.05276969]
[ 0.01991321  0.05068012 -0.01267283  0.07007254 -0.01120063  0.00714113
 -0.03971921  0.03430886  0.00538437  0.00306441]
[-0.06363517 -0.04464164 -0.03315126 -0.03321358  0.00118295  0.02405115
 -0.02499266 -0.00259226 -0.02251217 -0.05906719]
[ 0.02717829 -0.04464164 -0.00728377 -0.05042793  0.0754844   0.05661859
  0.03391355 -0.00259226  0.04344317  0.01549073]
[-0.01641217 -0.04464164 -0.01375064  0.13204422 -0.00982468 -0.00381907
  0.019187   -0.03949338 -0.03581673 -0.03007245]
[ 0.03081083  0.05068012  0.05954058  0.05630106 -0.02220825  0.00119131
 -0.03235593 -0.00259226 -0.02479119 -0.01764613]
[ 0.0562386   0.05068012  0.02181716  0.05630106 -0.00707277  0.01810133
 -0.03235593 -0.00259226 -0.02364456  0.02377494]
[-0.02004471 -0.04464164  0.01858372  0.09072977  0.00393485  0.00870687
  0.03759519 -0.03949338 -0.05780007  0.00720652]
[-0.10722563 -0.04464164 -0.01159501 -0.04009932  0.0493413   0.0644473
 -0.01394774  0.03430886  0.00702686 -0.03007245]
[ 0.08166637  0.05068012 -0.00297252 -0.03321358  0.04246153  0.05787118
 -0.01026611  0.03430886 -0.00060925 -0.0010777 ]
[ 0.00538306  0.05068012  0.01750591  0.03220097  0.12777061  0.12739014
 -0.02131102  0.07120998  0.06257518  0.01549073]
[ 0.03807591  0.05068012 -0.02991782 -0.07452802 -0.01257658 -0.01258722
  0.00446045 -0.00259226  0.00371174 -0.03007245]
[ 0.03081083 -0.04464164 -0.02021751 -0.00567061 -0.00432087 -0.02949724
  0.0780932  -0.03949338 -0.01090444 -0.0010777 ]
[ 0.00175052  0.05068012 -0.05794093 -0.04354219 -0.09650971 -0.04703355
 -0.09862541  0.03430886 -0.0611766  -0.07149352]
[-0.02730979  0.05068012  0.06061839  0.10794412  0.01219057 -0.0175976
 -0.00290283 -0.00259226  0.0702113   0.13561183]
[-0.0854304   0.05068012 -0.04069594 -0.03321358 -0.08137423 -0.06958024
 -0.00658447 -0.03949338 -0.05780007 -0.04249877]
[ 0.01264814  0.05068012 -0.07195249 -0.04698506 -0.05110326 -0.09713731
  0.11859122 -0.0763945  -0.02028875 -0.03835666]
[-0.05273755 -0.04464164 -0.05578531 -0.03665645  0.08924393 -0.00319277
  0.00814208  0.03430886  0.13237265  0.00306441]
[-0.02367725  0.05068012  0.04552903  0.02187235  0.10988322  0.08887288
  0.00077881  0.03430886  0.07419254  0.06105391]
[-0.07453279  0.05068012 -0.00943939  0.01498661 -0.03734373 -0.02166853
 -0.01394774 -0.00259226 -0.03324879  0.01134862]
[-0.00551455  0.05068012 -0.03315126 -0.01599922  0.00806271  0.01622244
  0.01550536 -0.00259226 -0.02832024 -0.07563562]
[-0.06000263  0.05068012  0.04984027  0.01842948 -0.01670444 -0.03012354
 -0.01762938 -0.00259226  0.04976866 -0.05906719]
[-0.02004471 -0.04464164 -0.08488624 -0.02632783 -0.03596778 -0.03419447
  0.04127682 -0.05167075 -0.08238148 -0.04664087]
[ 0.03807591  0.05068012  0.00564998  0.03220097  0.00668676  0.01747503
 -0.02499266  0.03430886  0.01482271  0.06105391]
[ 0.01628068 -0.04464164  0.02073935  0.02187235 -0.01395254 -0.01321352
 -0.00658447 -0.00259226  0.01331597  0.04034337]
[ 0.04170844 -0.04464164 -0.00728377  0.0287581  -0.04284755 -0.04828615
  0.05232174 -0.0763945  -0.07212845  0.02377494]
[ 0.01991321  0.05068012  0.10480869  0.07007254 -0.03596778 -0.0266789
 -0.02499266 -0.00259226  0.00371174  0.04034337]
[ -4.91050164e-02   5.06801187e-02  -2.45287594e-02   6.75072794e-05
  -4.69754041e-02  -2.82446451e-02  -6.54906725e-02   2.84046795e-02
   1.91990331e-02   1.13486232e-02]
[ 0.00175052  0.05068012 -0.00620595 -0.01944209 -0.00982468  0.00494909
 -0.03971921  0.03430886  0.01482271  0.09833287]
[ 0.03444337 -0.04464164 -0.03854032 -0.01255635  0.00943866  0.00526224
 -0.00658447 -0.00259226  0.03119299  0.09833287]
[-0.04547248  0.05068012  0.13714305 -0.01599922  0.04108558  0.03187986
 -0.04340085  0.07120998  0.07102158  0.04862759]
[-0.00914709  0.05068012  0.17055523  0.01498661  0.03007796  0.03375875
 -0.02131102  0.03430886  0.03365681  0.03205916]
[-0.01641217  0.05068012  0.00241654  0.01498661  0.02182224 -0.01008203
 -0.02499266  0.03430886  0.08553312  0.08176444]
[-0.00914709 -0.04464164  0.03798434 -0.04009932 -0.02496016 -0.00381907
 -0.04340085  0.0158583  -0.00514531  0.02791705]
[ 0.01991321 -0.04464164 -0.05794093 -0.05731367 -0.00156896 -0.01258722
  0.07441156 -0.03949338 -0.0611766  -0.07563562]
[ 0.05260606  0.05068012 -0.00943939  0.04941532  0.05071725 -0.01916334
 -0.01394774  0.03430886  0.11934399 -0.01764613]
[-0.02730979  0.05068012 -0.02345095 -0.01599922  0.01356652  0.0127778
  0.02655027 -0.00259226 -0.01090444 -0.02178823]
[-0.07453279 -0.04464164 -0.0105172  -0.00567061 -0.06623874 -0.0570543
 -0.00290283 -0.03949338 -0.0425721  -0.0010777 ]
[-0.10722563 -0.04464164 -0.03422907 -0.06764228 -0.06348684 -0.07051969
  0.00814208 -0.03949338 -0.00060925 -0.07977773]
[ 0.04534098  0.05068012 -0.00297252  0.10794412  0.03558177  0.02248541
  0.02655027 -0.00259226  0.02801651  0.01963284]
[-0.00188202 -0.04464164  0.06816308 -0.00567061  0.11951489  0.13020848
 -0.02499266  0.08670845  0.04613233 -0.0010777 ]
[ 0.01991321  0.05068012  0.00996123  0.01842948  0.01494247  0.04471895
 -0.06180903  0.07120998  0.00943641 -0.0632093 ]
[ 0.01628068  0.05068012  0.00241654 -0.00567061 -0.00569682  0.01089891
 -0.05076412  0.03430886  0.02269202 -0.03835666]
[-0.00188202 -0.04464164 -0.03854032  0.02187235 -0.10889328 -0.11561307
  0.02286863 -0.0763945  -0.04687948  0.02377494]
[ 0.01628068 -0.04464164  0.02612841  0.05859631 -0.06073493 -0.04421522
 -0.01394774 -0.03395821 -0.05140054 -0.02593034]
[-0.07090025  0.05068012 -0.08919748 -0.07452802 -0.04284755 -0.02573946
 -0.03235593 -0.00259226 -0.01290794 -0.05492509]
[ 0.04897352 -0.04464164  0.06061839 -0.02288496 -0.02358421 -0.07271173
 -0.04340085 -0.00259226  0.10413761  0.03620126]
[ 0.00538306  0.05068012 -0.02884001 -0.00911348 -0.03183992 -0.02887094
  0.00814208 -0.03949338 -0.01811827  0.00720652]
[ 0.03444337  0.05068012 -0.02991782  0.004658    0.09337179  0.08699399
  0.03391355 -0.00259226  0.02405258 -0.03835666]
[ 0.02354575  0.05068012 -0.0191397   0.04941532 -0.06348684 -0.06112523
  0.00446045 -0.03949338 -0.02595242 -0.01350402]
[ 0.01991321 -0.04464164 -0.04069594 -0.01599922 -0.00844872 -0.0175976
  0.05232174 -0.03949338 -0.03075121  0.00306441]
[-0.04547248 -0.04464164  0.01535029 -0.07452802 -0.04972731 -0.01728445
 -0.02867429 -0.00259226 -0.10436482 -0.07563562]
[ 0.05260606  0.05068012 -0.02452876  0.05630106 -0.00707277 -0.00507166
 -0.02131102 -0.00259226  0.02671426 -0.03835666]
[-0.00551455  0.05068012  0.00133873 -0.08485664 -0.01120063 -0.01665815
  0.0486401  -0.03949338 -0.04118039 -0.08806194]
[ 0.0090156   0.05068012  0.06924089  0.05974393  0.01769438 -0.02323427
 -0.04708248  0.03430886  0.10329226  0.07348023]
[-0.02367725 -0.04464164 -0.06979687 -0.06419941 -0.05935898 -0.05047819
  0.019187   -0.03949338 -0.08913686 -0.05078298]
[-0.04183994  0.05068012 -0.02991782 -0.00222774  0.02182224  0.03657709
  0.01182372 -0.00259226 -0.04118039  0.06519601]
[-0.07453279 -0.04464164 -0.046085   -0.04354219 -0.02908802 -0.02323427
  0.01550536 -0.03949338 -0.03980959 -0.02178823]
[ 0.03444337 -0.04464164  0.01858372  0.05630106  0.01219057 -0.05454912
 -0.06917231  0.07120998  0.13008061  0.00720652]
[-0.06000263 -0.04464164  0.00133873 -0.02977071 -0.00707277 -0.02166853
  0.01182372 -0.00259226  0.03181522 -0.05492509]
[-0.0854304   0.05068012 -0.03099563 -0.02288496 -0.06348684 -0.05423597
  0.019187   -0.03949338 -0.09643322 -0.03421455]
[ 0.05260606 -0.04464164 -0.00405033 -0.03091833 -0.0469754  -0.0583069
 -0.01394774 -0.02583997  0.03605579  0.02377494]
[ 0.01264814 -0.04464164  0.01535029 -0.03321358  0.04108558  0.03219301
 -0.00290283 -0.00259226  0.04506617 -0.06735141]
[ 0.05987114  0.05068012  0.02289497  0.04941532  0.01631843  0.01183836
 -0.01394774 -0.00259226  0.03953988  0.01963284]
[-0.02367725 -0.04464164  0.04552903  0.09072977 -0.01808039 -0.03544706
  0.07072993 -0.03949338 -0.03452372 -0.00936191]
[ 0.01628068 -0.04464164 -0.04500719 -0.05731367 -0.03459183 -0.05392282
  0.07441156 -0.0763945  -0.0425721   0.04034337]
[ 0.11072668  0.05068012 -0.03315126 -0.02288496 -0.00432087  0.02029337
 -0.06180903  0.07120998  0.01556684  0.04448548]
[-0.02004471 -0.04464164  0.097264   -0.00567061 -0.00569682 -0.02386057
 -0.02131102 -0.00259226  0.06168585  0.04034337]
[-0.01641217 -0.04464164  0.05415152  0.07007254 -0.03321588 -0.0279315
  0.00814208 -0.03949338 -0.02712865 -0.00936191]
[ 0.04897352  0.05068012  0.12313149  0.08384403 -0.10476542 -0.10089509
 -0.06917231 -0.00259226  0.0366458  -0.03007245]
[-0.05637009 -0.04464164 -0.08057499 -0.08485664 -0.03734373 -0.0370128
  0.03391355 -0.03949338 -0.05615757 -0.13776723]
[ 0.02717829 -0.04464164  0.09295276 -0.05272318  0.00806271  0.03970857
 -0.02867429  0.02102446 -0.04836172  0.01963284]
[ 0.06350368 -0.04464164 -0.05039625  0.10794412  0.03145391  0.01935392
 -0.01762938  0.02360753  0.05803913  0.04034337]
[-0.05273755  0.05068012 -0.01159501  0.05630106  0.05622106  0.07290231
 -0.03971921  0.07120998  0.03056649 -0.0052198 ]
[-0.00914709  0.05068012 -0.0277622   0.00810087  0.04796534  0.03720338
 -0.02867429  0.03430886  0.06604821 -0.04249877]
[ 0.00538306 -0.04464164  0.05846277 -0.04354219 -0.07311851 -0.07239858
  0.019187   -0.0763945  -0.05140054 -0.02593034]
[ 0.07440129 -0.04464164  0.08540807  0.0631868   0.01494247  0.01309095
  0.01550536 -0.00259226  0.00620932  0.08590655]
[-0.05273755 -0.04464164 -0.00081689 -0.02632783  0.01081462  0.00714113
  0.0486401  -0.03949338 -0.03581673  0.01963284]
[ 0.08166637  0.05068012  0.00672779 -0.00452299  0.10988322  0.11705624
 -0.03235593  0.09187461  0.054724    0.00720652]
[-0.00551455 -0.04464164  0.00888341 -0.05042793  0.0259501   0.04722413
 -0.04340085  0.07120998  0.01482271  0.00306441]
[-0.02730979 -0.04464164  0.08001901  0.09876313 -0.00294491  0.01810133
 -0.01762938  0.00331192 -0.02952762  0.03620126]
[-0.05273755 -0.04464164  0.07139652 -0.07452802 -0.01532849 -0.00131388
  0.00446045 -0.02141183 -0.04687948  0.00306441]
[ 0.0090156  -0.04464164 -0.02452876 -0.02632783  0.0988756   0.0941964
  0.07072993 -0.00259226 -0.02139368  0.00720652]
[-0.02004471 -0.04464164 -0.0547075  -0.0538708  -0.06623874 -0.05736745
  0.01182372 -0.03949338 -0.07408887 -0.0052198 ]
[  2.35457526e-02  -4.46416365e-02  -3.63846922e-02   6.75072794e-05
   1.18294590e-03   3.46981957e-02  -4.34008457e-02   3.43088589e-02
  -3.32487872e-02   6.10539062e-02]
[ 0.03807591  0.05068012  0.0164281   0.02187235  0.03970963  0.04503209
 -0.04340085  0.07120998  0.04976866  0.01549073]
[-0.07816532  0.05068012  0.07786339  0.05285819  0.07823631  0.0644473
  0.02655027 -0.00259226  0.04067226 -0.00936191]
[ 0.0090156   0.05068012 -0.03961813  0.0287581   0.03833367  0.0735286
 -0.07285395  0.1081111   0.01556684 -0.04664087]
[ 0.00175052  0.05068012  0.01103904 -0.01944209 -0.01670444 -0.00381907
 -0.04708248  0.03430886  0.02405258  0.02377494]
[-0.07816532 -0.04464164 -0.04069594 -0.08141377 -0.10063757 -0.11279473
  0.02286863 -0.0763945  -0.02028875 -0.05078298]
[ 0.03081083  0.05068012 -0.03422907  0.0436772   0.05759701  0.06883138
 -0.03235593  0.05755657  0.03546194  0.08590655]
[-0.03457486  0.05068012  0.00564998 -0.00567061 -0.07311851 -0.06269098
 -0.00658447 -0.03949338 -0.04542096  0.03205916]
[ 0.04897352  0.05068012  0.08864151  0.0872869   0.03558177  0.02154596
 -0.02499266  0.03430886  0.06604821  0.13146972]
[-0.04183994 -0.04464164 -0.03315126 -0.02288496  0.04658939  0.04158746
  0.05600338 -0.02473293 -0.02595242 -0.03835666]
[-0.00914709 -0.04464164 -0.05686312 -0.05042793  0.02182224  0.04534524
 -0.02867429  0.03430886 -0.00991896 -0.01764613]
[ 0.07076875  0.05068012 -0.03099563  0.02187235 -0.03734373 -0.04703355
  0.03391355 -0.03949338 -0.01495648 -0.0010777 ]
[ 0.0090156  -0.04464164  0.05522933 -0.00567061  0.05759701  0.04471895
 -0.00290283  0.02323852  0.05568355  0.10661708]
[-0.02730979 -0.04464164 -0.06009656 -0.02977071  0.04658939  0.01998022
  0.12227286 -0.03949338 -0.05140054 -0.00936191]
[ 0.01628068 -0.04464164  0.00133873  0.00810087  0.0053108   0.01089891
  0.03023191 -0.03949338 -0.04542096  0.03205916]
[-0.01277963 -0.04464164 -0.02345095 -0.04009932 -0.01670444  0.00463594
 -0.01762938 -0.00259226 -0.03845911 -0.03835666]
[-0.05637009 -0.04464164 -0.07410811 -0.05042793 -0.02496016 -0.04703355
  0.09281975 -0.0763945  -0.0611766  -0.04664087]
[ 0.04170844  0.05068012  0.01966154  0.05974393 -0.00569682 -0.00256647
 -0.02867429 -0.00259226  0.03119299  0.00720652]
[-0.00551455  0.05068012 -0.01590626 -0.06764228  0.0493413   0.07916528
 -0.02867429  0.03430886 -0.01811827  0.04448548]
[ 0.04170844  0.05068012 -0.01590626  0.01728186 -0.03734373 -0.01383982
 -0.02499266 -0.01107952 -0.04687948  0.01549073]
[-0.04547248 -0.04464164  0.03906215  0.00121513  0.01631843  0.01528299
 -0.02867429  0.02655962  0.04452837 -0.02593034]
[-0.04547248 -0.04464164 -0.0730303  -0.08141377  0.08374012  0.02780893
  0.17381578 -0.03949338 -0.00421986  0.00306441]
